24022765 kanchan Bhatt    62 90.00 100.00 90.00 98.00 89.00 467 93.40 A
249082 jas   2 78.00 89.00 99.00 89.00 98.00 453 90.60 A
67893 Vivek Bhatt      45 89.00 90.00 98.00 87.00 89.00 453 90.60 A
67858 Enaakshi     65 78.00 89.00 89.00 89.00 80.00 425 85.00 B
78965 Priya Gupta      67 89.00 90.00 98.00 89.00 87.00 453 90.60 A
24576 Unnati      68 98.00 98.00 87.00 78.00 78.00 439 87.80 B
24022556 red    14 95.00 98.00 97.00 98.00 95.00 483 96.60 A
16 amya Kharbanda   30 45.00 67.00 78.00 98.00 87.00 375 75.00 C
16 Kanchan  89 78.00 98.00 90.00 87.00 89.00 442 88.40 B
345678 Latika 34 78.00 89.00 78.00 89.00 89.00 423 84.60 B
